{
 "cells": [
  {
   "cell_type": "markdown",
   "metadata": {},
   "source": [
    "# Segmentation"
   ]
  },
  {
   "cell_type": "code",
   "execution_count": 2,
   "metadata": {},
   "outputs": [
    {
     "name": "stderr",
     "output_type": "stream",
     "text": [
      "/Applications/Anaconda/anaconda3/lib/python3.7/site-packages/statsmodels/tools/_testing.py:19: FutureWarning: pandas.util.testing is deprecated. Use the functions in the public API at pandas.testing instead.\n",
      "  import pandas.util.testing as tm\n"
     ]
    }
   ],
   "source": [
    "import pandas as pd\n",
    "import numpy as np\n",
    "import scipy as sci\n",
    "from pylab import rcParams\n",
    "import seaborn as ab\n",
    "from scipy.cluster.hierarchy import dendrogram, linkage, fcluster, cophenet\n",
    "\n",
    "from pylab import rcParams\n",
    "import seaborn as sb\n",
    "import matplotlib.pyplot as plt\n",
    "\n",
    "import sklearn\n",
    "from sklearn.cluster import AgglomerativeClustering\n",
    "import sklearn.metrics as sm"
   ]
  },
  {
   "cell_type": "code",
   "execution_count": 3,
   "metadata": {},
   "outputs": [],
   "source": [
    "rawDataFollowers = pd.read_csv('DataSources/Twitter/Data.csv', index_col = 0)"
   ]
  },
  {
   "cell_type": "code",
   "execution_count": 4,
   "metadata": {},
   "outputs": [
    {
     "data": {
      "text/html": [
       "<div>\n",
       "<style scoped>\n",
       "    .dataframe tbody tr th:only-of-type {\n",
       "        vertical-align: middle;\n",
       "    }\n",
       "\n",
       "    .dataframe tbody tr th {\n",
       "        vertical-align: top;\n",
       "    }\n",
       "\n",
       "    .dataframe thead th {\n",
       "        text-align: right;\n",
       "    }\n",
       "</style>\n",
       "<table border=\"1\" class=\"dataframe\">\n",
       "  <thead>\n",
       "    <tr style=\"text-align: right;\">\n",
       "      <th></th>\n",
       "      <th>@TWZHM</th>\n",
       "      <th>@TW3NH</th>\n",
       "      <th>@TWENE</th>\n",
       "      <th>@TWF3T</th>\n",
       "      <th>@TWXAI</th>\n",
       "      <th>@TWUFB</th>\n",
       "      <th>@TWSEZ</th>\n",
       "      <th>@TWOCJ</th>\n",
       "      <th>@TWX9I</th>\n",
       "      <th>@TWIJH</th>\n",
       "      <th>...</th>\n",
       "      <th>@TWXGK</th>\n",
       "      <th>@TWBED</th>\n",
       "      <th>@TWAND</th>\n",
       "      <th>@TW5I7</th>\n",
       "      <th>@TWI2V</th>\n",
       "      <th>@TW2XQ</th>\n",
       "      <th>@TWEYT</th>\n",
       "      <th>@TWSX4</th>\n",
       "      <th>@TWMHV</th>\n",
       "      <th>@TWGKJ</th>\n",
       "    </tr>\n",
       "  </thead>\n",
       "  <tbody>\n",
       "    <tr>\n",
       "      <th>@TW0LF</th>\n",
       "      <td>0</td>\n",
       "      <td>0</td>\n",
       "      <td>0</td>\n",
       "      <td>0</td>\n",
       "      <td>1</td>\n",
       "      <td>0</td>\n",
       "      <td>0</td>\n",
       "      <td>0</td>\n",
       "      <td>0</td>\n",
       "      <td>0</td>\n",
       "      <td>...</td>\n",
       "      <td>0</td>\n",
       "      <td>0</td>\n",
       "      <td>0</td>\n",
       "      <td>0</td>\n",
       "      <td>0</td>\n",
       "      <td>0</td>\n",
       "      <td>0</td>\n",
       "      <td>0</td>\n",
       "      <td>0</td>\n",
       "      <td>0</td>\n",
       "    </tr>\n",
       "    <tr>\n",
       "      <th>@TWLRX</th>\n",
       "      <td>0</td>\n",
       "      <td>1</td>\n",
       "      <td>0</td>\n",
       "      <td>0</td>\n",
       "      <td>0</td>\n",
       "      <td>1</td>\n",
       "      <td>0</td>\n",
       "      <td>0</td>\n",
       "      <td>0</td>\n",
       "      <td>0</td>\n",
       "      <td>...</td>\n",
       "      <td>0</td>\n",
       "      <td>0</td>\n",
       "      <td>0</td>\n",
       "      <td>1</td>\n",
       "      <td>0</td>\n",
       "      <td>0</td>\n",
       "      <td>1</td>\n",
       "      <td>0</td>\n",
       "      <td>1</td>\n",
       "      <td>1</td>\n",
       "    </tr>\n",
       "    <tr>\n",
       "      <th>@TWDTN</th>\n",
       "      <td>1</td>\n",
       "      <td>0</td>\n",
       "      <td>1</td>\n",
       "      <td>0</td>\n",
       "      <td>0</td>\n",
       "      <td>1</td>\n",
       "      <td>0</td>\n",
       "      <td>0</td>\n",
       "      <td>0</td>\n",
       "      <td>0</td>\n",
       "      <td>...</td>\n",
       "      <td>0</td>\n",
       "      <td>0</td>\n",
       "      <td>0</td>\n",
       "      <td>0</td>\n",
       "      <td>0</td>\n",
       "      <td>0</td>\n",
       "      <td>1</td>\n",
       "      <td>0</td>\n",
       "      <td>0</td>\n",
       "      <td>0</td>\n",
       "    </tr>\n",
       "    <tr>\n",
       "      <th>@TWIRG</th>\n",
       "      <td>0</td>\n",
       "      <td>0</td>\n",
       "      <td>0</td>\n",
       "      <td>0</td>\n",
       "      <td>0</td>\n",
       "      <td>0</td>\n",
       "      <td>0</td>\n",
       "      <td>0</td>\n",
       "      <td>0</td>\n",
       "      <td>0</td>\n",
       "      <td>...</td>\n",
       "      <td>1</td>\n",
       "      <td>0</td>\n",
       "      <td>0</td>\n",
       "      <td>1</td>\n",
       "      <td>0</td>\n",
       "      <td>0</td>\n",
       "      <td>0</td>\n",
       "      <td>0</td>\n",
       "      <td>0</td>\n",
       "      <td>0</td>\n",
       "    </tr>\n",
       "    <tr>\n",
       "      <th>@TWB9C</th>\n",
       "      <td>0</td>\n",
       "      <td>0</td>\n",
       "      <td>0</td>\n",
       "      <td>0</td>\n",
       "      <td>0</td>\n",
       "      <td>0</td>\n",
       "      <td>1</td>\n",
       "      <td>0</td>\n",
       "      <td>0</td>\n",
       "      <td>0</td>\n",
       "      <td>...</td>\n",
       "      <td>0</td>\n",
       "      <td>0</td>\n",
       "      <td>0</td>\n",
       "      <td>0</td>\n",
       "      <td>0</td>\n",
       "      <td>0</td>\n",
       "      <td>1</td>\n",
       "      <td>0</td>\n",
       "      <td>0</td>\n",
       "      <td>0</td>\n",
       "    </tr>\n",
       "    <tr>\n",
       "      <th>@TWYYD</th>\n",
       "      <td>1</td>\n",
       "      <td>0</td>\n",
       "      <td>0</td>\n",
       "      <td>0</td>\n",
       "      <td>0</td>\n",
       "      <td>1</td>\n",
       "      <td>1</td>\n",
       "      <td>1</td>\n",
       "      <td>0</td>\n",
       "      <td>0</td>\n",
       "      <td>...</td>\n",
       "      <td>0</td>\n",
       "      <td>0</td>\n",
       "      <td>1</td>\n",
       "      <td>1</td>\n",
       "      <td>1</td>\n",
       "      <td>1</td>\n",
       "      <td>0</td>\n",
       "      <td>0</td>\n",
       "      <td>0</td>\n",
       "      <td>1</td>\n",
       "    </tr>\n",
       "    <tr>\n",
       "      <th>@TWFJ3</th>\n",
       "      <td>1</td>\n",
       "      <td>0</td>\n",
       "      <td>1</td>\n",
       "      <td>1</td>\n",
       "      <td>0</td>\n",
       "      <td>1</td>\n",
       "      <td>1</td>\n",
       "      <td>1</td>\n",
       "      <td>0</td>\n",
       "      <td>1</td>\n",
       "      <td>...</td>\n",
       "      <td>0</td>\n",
       "      <td>1</td>\n",
       "      <td>0</td>\n",
       "      <td>0</td>\n",
       "      <td>0</td>\n",
       "      <td>0</td>\n",
       "      <td>0</td>\n",
       "      <td>0</td>\n",
       "      <td>1</td>\n",
       "      <td>1</td>\n",
       "    </tr>\n",
       "    <tr>\n",
       "      <th>@TWXQZ</th>\n",
       "      <td>1</td>\n",
       "      <td>1</td>\n",
       "      <td>0</td>\n",
       "      <td>0</td>\n",
       "      <td>0</td>\n",
       "      <td>0</td>\n",
       "      <td>0</td>\n",
       "      <td>1</td>\n",
       "      <td>0</td>\n",
       "      <td>0</td>\n",
       "      <td>...</td>\n",
       "      <td>1</td>\n",
       "      <td>1</td>\n",
       "      <td>0</td>\n",
       "      <td>0</td>\n",
       "      <td>0</td>\n",
       "      <td>0</td>\n",
       "      <td>0</td>\n",
       "      <td>0</td>\n",
       "      <td>0</td>\n",
       "      <td>0</td>\n",
       "    </tr>\n",
       "    <tr>\n",
       "      <th>@TW4UW</th>\n",
       "      <td>0</td>\n",
       "      <td>0</td>\n",
       "      <td>1</td>\n",
       "      <td>1</td>\n",
       "      <td>0</td>\n",
       "      <td>0</td>\n",
       "      <td>0</td>\n",
       "      <td>0</td>\n",
       "      <td>0</td>\n",
       "      <td>1</td>\n",
       "      <td>...</td>\n",
       "      <td>0</td>\n",
       "      <td>0</td>\n",
       "      <td>0</td>\n",
       "      <td>0</td>\n",
       "      <td>0</td>\n",
       "      <td>0</td>\n",
       "      <td>0</td>\n",
       "      <td>0</td>\n",
       "      <td>0</td>\n",
       "      <td>0</td>\n",
       "    </tr>\n",
       "    <tr>\n",
       "      <th>@TWPSX</th>\n",
       "      <td>1</td>\n",
       "      <td>1</td>\n",
       "      <td>1</td>\n",
       "      <td>1</td>\n",
       "      <td>1</td>\n",
       "      <td>1</td>\n",
       "      <td>1</td>\n",
       "      <td>0</td>\n",
       "      <td>1</td>\n",
       "      <td>1</td>\n",
       "      <td>...</td>\n",
       "      <td>1</td>\n",
       "      <td>1</td>\n",
       "      <td>1</td>\n",
       "      <td>0</td>\n",
       "      <td>1</td>\n",
       "      <td>0</td>\n",
       "      <td>1</td>\n",
       "      <td>1</td>\n",
       "      <td>1</td>\n",
       "      <td>1</td>\n",
       "    </tr>\n",
       "    <tr>\n",
       "      <th>@TWESV</th>\n",
       "      <td>0</td>\n",
       "      <td>0</td>\n",
       "      <td>0</td>\n",
       "      <td>0</td>\n",
       "      <td>1</td>\n",
       "      <td>1</td>\n",
       "      <td>0</td>\n",
       "      <td>0</td>\n",
       "      <td>0</td>\n",
       "      <td>1</td>\n",
       "      <td>...</td>\n",
       "      <td>0</td>\n",
       "      <td>1</td>\n",
       "      <td>0</td>\n",
       "      <td>1</td>\n",
       "      <td>0</td>\n",
       "      <td>0</td>\n",
       "      <td>1</td>\n",
       "      <td>1</td>\n",
       "      <td>1</td>\n",
       "      <td>0</td>\n",
       "    </tr>\n",
       "    <tr>\n",
       "      <th>@TWVMF</th>\n",
       "      <td>1</td>\n",
       "      <td>1</td>\n",
       "      <td>1</td>\n",
       "      <td>1</td>\n",
       "      <td>1</td>\n",
       "      <td>0</td>\n",
       "      <td>1</td>\n",
       "      <td>1</td>\n",
       "      <td>0</td>\n",
       "      <td>1</td>\n",
       "      <td>...</td>\n",
       "      <td>1</td>\n",
       "      <td>1</td>\n",
       "      <td>1</td>\n",
       "      <td>1</td>\n",
       "      <td>1</td>\n",
       "      <td>0</td>\n",
       "      <td>1</td>\n",
       "      <td>1</td>\n",
       "      <td>1</td>\n",
       "      <td>0</td>\n",
       "    </tr>\n",
       "    <tr>\n",
       "      <th>@TWHSP</th>\n",
       "      <td>0</td>\n",
       "      <td>0</td>\n",
       "      <td>0</td>\n",
       "      <td>1</td>\n",
       "      <td>1</td>\n",
       "      <td>0</td>\n",
       "      <td>0</td>\n",
       "      <td>1</td>\n",
       "      <td>1</td>\n",
       "      <td>1</td>\n",
       "      <td>...</td>\n",
       "      <td>1</td>\n",
       "      <td>1</td>\n",
       "      <td>0</td>\n",
       "      <td>1</td>\n",
       "      <td>0</td>\n",
       "      <td>1</td>\n",
       "      <td>0</td>\n",
       "      <td>1</td>\n",
       "      <td>1</td>\n",
       "      <td>1</td>\n",
       "    </tr>\n",
       "    <tr>\n",
       "      <th>@TWWMM</th>\n",
       "      <td>1</td>\n",
       "      <td>1</td>\n",
       "      <td>0</td>\n",
       "      <td>1</td>\n",
       "      <td>0</td>\n",
       "      <td>0</td>\n",
       "      <td>0</td>\n",
       "      <td>0</td>\n",
       "      <td>0</td>\n",
       "      <td>0</td>\n",
       "      <td>...</td>\n",
       "      <td>0</td>\n",
       "      <td>0</td>\n",
       "      <td>0</td>\n",
       "      <td>0</td>\n",
       "      <td>0</td>\n",
       "      <td>0</td>\n",
       "      <td>0</td>\n",
       "      <td>0</td>\n",
       "      <td>0</td>\n",
       "      <td>1</td>\n",
       "    </tr>\n",
       "    <tr>\n",
       "      <th>@TWT6Q</th>\n",
       "      <td>0</td>\n",
       "      <td>0</td>\n",
       "      <td>1</td>\n",
       "      <td>0</td>\n",
       "      <td>0</td>\n",
       "      <td>0</td>\n",
       "      <td>0</td>\n",
       "      <td>1</td>\n",
       "      <td>0</td>\n",
       "      <td>0</td>\n",
       "      <td>...</td>\n",
       "      <td>0</td>\n",
       "      <td>0</td>\n",
       "      <td>0</td>\n",
       "      <td>0</td>\n",
       "      <td>0</td>\n",
       "      <td>1</td>\n",
       "      <td>0</td>\n",
       "      <td>0</td>\n",
       "      <td>0</td>\n",
       "      <td>0</td>\n",
       "    </tr>\n",
       "    <tr>\n",
       "      <th>@TW7HE</th>\n",
       "      <td>1</td>\n",
       "      <td>1</td>\n",
       "      <td>0</td>\n",
       "      <td>0</td>\n",
       "      <td>1</td>\n",
       "      <td>1</td>\n",
       "      <td>1</td>\n",
       "      <td>0</td>\n",
       "      <td>0</td>\n",
       "      <td>0</td>\n",
       "      <td>...</td>\n",
       "      <td>0</td>\n",
       "      <td>1</td>\n",
       "      <td>0</td>\n",
       "      <td>1</td>\n",
       "      <td>1</td>\n",
       "      <td>1</td>\n",
       "      <td>0</td>\n",
       "      <td>1</td>\n",
       "      <td>1</td>\n",
       "      <td>0</td>\n",
       "    </tr>\n",
       "    <tr>\n",
       "      <th>@TWFUA</th>\n",
       "      <td>1</td>\n",
       "      <td>0</td>\n",
       "      <td>0</td>\n",
       "      <td>0</td>\n",
       "      <td>1</td>\n",
       "      <td>0</td>\n",
       "      <td>1</td>\n",
       "      <td>0</td>\n",
       "      <td>1</td>\n",
       "      <td>0</td>\n",
       "      <td>...</td>\n",
       "      <td>1</td>\n",
       "      <td>1</td>\n",
       "      <td>1</td>\n",
       "      <td>0</td>\n",
       "      <td>0</td>\n",
       "      <td>0</td>\n",
       "      <td>1</td>\n",
       "      <td>0</td>\n",
       "      <td>0</td>\n",
       "      <td>1</td>\n",
       "    </tr>\n",
       "    <tr>\n",
       "      <th>@TWMTF</th>\n",
       "      <td>0</td>\n",
       "      <td>1</td>\n",
       "      <td>0</td>\n",
       "      <td>0</td>\n",
       "      <td>0</td>\n",
       "      <td>0</td>\n",
       "      <td>0</td>\n",
       "      <td>0</td>\n",
       "      <td>0</td>\n",
       "      <td>0</td>\n",
       "      <td>...</td>\n",
       "      <td>1</td>\n",
       "      <td>0</td>\n",
       "      <td>0</td>\n",
       "      <td>0</td>\n",
       "      <td>0</td>\n",
       "      <td>0</td>\n",
       "      <td>1</td>\n",
       "      <td>0</td>\n",
       "      <td>0</td>\n",
       "      <td>0</td>\n",
       "    </tr>\n",
       "    <tr>\n",
       "      <th>@TW4NH</th>\n",
       "      <td>0</td>\n",
       "      <td>1</td>\n",
       "      <td>0</td>\n",
       "      <td>0</td>\n",
       "      <td>1</td>\n",
       "      <td>0</td>\n",
       "      <td>0</td>\n",
       "      <td>0</td>\n",
       "      <td>1</td>\n",
       "      <td>0</td>\n",
       "      <td>...</td>\n",
       "      <td>1</td>\n",
       "      <td>1</td>\n",
       "      <td>0</td>\n",
       "      <td>1</td>\n",
       "      <td>1</td>\n",
       "      <td>1</td>\n",
       "      <td>0</td>\n",
       "      <td>1</td>\n",
       "      <td>1</td>\n",
       "      <td>1</td>\n",
       "    </tr>\n",
       "    <tr>\n",
       "      <th>@TWAOX</th>\n",
       "      <td>1</td>\n",
       "      <td>1</td>\n",
       "      <td>1</td>\n",
       "      <td>1</td>\n",
       "      <td>1</td>\n",
       "      <td>1</td>\n",
       "      <td>1</td>\n",
       "      <td>1</td>\n",
       "      <td>1</td>\n",
       "      <td>0</td>\n",
       "      <td>...</td>\n",
       "      <td>1</td>\n",
       "      <td>1</td>\n",
       "      <td>1</td>\n",
       "      <td>1</td>\n",
       "      <td>1</td>\n",
       "      <td>1</td>\n",
       "      <td>1</td>\n",
       "      <td>1</td>\n",
       "      <td>1</td>\n",
       "      <td>1</td>\n",
       "    </tr>\n",
       "    <tr>\n",
       "      <th>@TWPT1</th>\n",
       "      <td>1</td>\n",
       "      <td>1</td>\n",
       "      <td>0</td>\n",
       "      <td>0</td>\n",
       "      <td>0</td>\n",
       "      <td>0</td>\n",
       "      <td>0</td>\n",
       "      <td>0</td>\n",
       "      <td>1</td>\n",
       "      <td>0</td>\n",
       "      <td>...</td>\n",
       "      <td>1</td>\n",
       "      <td>0</td>\n",
       "      <td>0</td>\n",
       "      <td>0</td>\n",
       "      <td>0</td>\n",
       "      <td>0</td>\n",
       "      <td>1</td>\n",
       "      <td>0</td>\n",
       "      <td>0</td>\n",
       "      <td>0</td>\n",
       "    </tr>\n",
       "    <tr>\n",
       "      <th>@TWDSW</th>\n",
       "      <td>0</td>\n",
       "      <td>1</td>\n",
       "      <td>1</td>\n",
       "      <td>0</td>\n",
       "      <td>0</td>\n",
       "      <td>1</td>\n",
       "      <td>0</td>\n",
       "      <td>1</td>\n",
       "      <td>0</td>\n",
       "      <td>1</td>\n",
       "      <td>...</td>\n",
       "      <td>1</td>\n",
       "      <td>0</td>\n",
       "      <td>1</td>\n",
       "      <td>1</td>\n",
       "      <td>1</td>\n",
       "      <td>0</td>\n",
       "      <td>1</td>\n",
       "      <td>0</td>\n",
       "      <td>1</td>\n",
       "      <td>0</td>\n",
       "    </tr>\n",
       "    <tr>\n",
       "      <th>@TWJP7</th>\n",
       "      <td>0</td>\n",
       "      <td>1</td>\n",
       "      <td>1</td>\n",
       "      <td>1</td>\n",
       "      <td>1</td>\n",
       "      <td>1</td>\n",
       "      <td>1</td>\n",
       "      <td>0</td>\n",
       "      <td>1</td>\n",
       "      <td>1</td>\n",
       "      <td>...</td>\n",
       "      <td>0</td>\n",
       "      <td>1</td>\n",
       "      <td>1</td>\n",
       "      <td>1</td>\n",
       "      <td>1</td>\n",
       "      <td>1</td>\n",
       "      <td>0</td>\n",
       "      <td>1</td>\n",
       "      <td>1</td>\n",
       "      <td>1</td>\n",
       "    </tr>\n",
       "    <tr>\n",
       "      <th>@TWATO</th>\n",
       "      <td>1</td>\n",
       "      <td>1</td>\n",
       "      <td>0</td>\n",
       "      <td>1</td>\n",
       "      <td>0</td>\n",
       "      <td>1</td>\n",
       "      <td>1</td>\n",
       "      <td>0</td>\n",
       "      <td>1</td>\n",
       "      <td>1</td>\n",
       "      <td>...</td>\n",
       "      <td>1</td>\n",
       "      <td>1</td>\n",
       "      <td>1</td>\n",
       "      <td>1</td>\n",
       "      <td>0</td>\n",
       "      <td>1</td>\n",
       "      <td>0</td>\n",
       "      <td>1</td>\n",
       "      <td>1</td>\n",
       "      <td>1</td>\n",
       "    </tr>\n",
       "    <tr>\n",
       "      <th>@TWYXI</th>\n",
       "      <td>0</td>\n",
       "      <td>0</td>\n",
       "      <td>1</td>\n",
       "      <td>1</td>\n",
       "      <td>0</td>\n",
       "      <td>0</td>\n",
       "      <td>0</td>\n",
       "      <td>0</td>\n",
       "      <td>0</td>\n",
       "      <td>1</td>\n",
       "      <td>...</td>\n",
       "      <td>0</td>\n",
       "      <td>0</td>\n",
       "      <td>0</td>\n",
       "      <td>0</td>\n",
       "      <td>0</td>\n",
       "      <td>1</td>\n",
       "      <td>0</td>\n",
       "      <td>1</td>\n",
       "      <td>0</td>\n",
       "      <td>0</td>\n",
       "    </tr>\n",
       "    <tr>\n",
       "      <th>@TWDOB</th>\n",
       "      <td>0</td>\n",
       "      <td>1</td>\n",
       "      <td>0</td>\n",
       "      <td>0</td>\n",
       "      <td>0</td>\n",
       "      <td>0</td>\n",
       "      <td>1</td>\n",
       "      <td>0</td>\n",
       "      <td>1</td>\n",
       "      <td>1</td>\n",
       "      <td>...</td>\n",
       "      <td>0</td>\n",
       "      <td>0</td>\n",
       "      <td>1</td>\n",
       "      <td>1</td>\n",
       "      <td>0</td>\n",
       "      <td>0</td>\n",
       "      <td>0</td>\n",
       "      <td>1</td>\n",
       "      <td>0</td>\n",
       "      <td>0</td>\n",
       "    </tr>\n",
       "    <tr>\n",
       "      <th>@TWLJR</th>\n",
       "      <td>0</td>\n",
       "      <td>0</td>\n",
       "      <td>0</td>\n",
       "      <td>0</td>\n",
       "      <td>0</td>\n",
       "      <td>0</td>\n",
       "      <td>0</td>\n",
       "      <td>0</td>\n",
       "      <td>0</td>\n",
       "      <td>0</td>\n",
       "      <td>...</td>\n",
       "      <td>0</td>\n",
       "      <td>1</td>\n",
       "      <td>1</td>\n",
       "      <td>0</td>\n",
       "      <td>0</td>\n",
       "      <td>1</td>\n",
       "      <td>0</td>\n",
       "      <td>0</td>\n",
       "      <td>0</td>\n",
       "      <td>0</td>\n",
       "    </tr>\n",
       "    <tr>\n",
       "      <th>@TWOFL</th>\n",
       "      <td>0</td>\n",
       "      <td>0</td>\n",
       "      <td>0</td>\n",
       "      <td>0</td>\n",
       "      <td>0</td>\n",
       "      <td>0</td>\n",
       "      <td>0</td>\n",
       "      <td>0</td>\n",
       "      <td>0</td>\n",
       "      <td>1</td>\n",
       "      <td>...</td>\n",
       "      <td>0</td>\n",
       "      <td>0</td>\n",
       "      <td>1</td>\n",
       "      <td>0</td>\n",
       "      <td>0</td>\n",
       "      <td>1</td>\n",
       "      <td>1</td>\n",
       "      <td>0</td>\n",
       "      <td>0</td>\n",
       "      <td>0</td>\n",
       "    </tr>\n",
       "    <tr>\n",
       "      <th>@TWABF</th>\n",
       "      <td>1</td>\n",
       "      <td>1</td>\n",
       "      <td>1</td>\n",
       "      <td>1</td>\n",
       "      <td>1</td>\n",
       "      <td>0</td>\n",
       "      <td>1</td>\n",
       "      <td>0</td>\n",
       "      <td>1</td>\n",
       "      <td>1</td>\n",
       "      <td>...</td>\n",
       "      <td>1</td>\n",
       "      <td>1</td>\n",
       "      <td>1</td>\n",
       "      <td>1</td>\n",
       "      <td>0</td>\n",
       "      <td>0</td>\n",
       "      <td>1</td>\n",
       "      <td>1</td>\n",
       "      <td>0</td>\n",
       "      <td>1</td>\n",
       "    </tr>\n",
       "    <tr>\n",
       "      <th>@TWU2C</th>\n",
       "      <td>0</td>\n",
       "      <td>0</td>\n",
       "      <td>0</td>\n",
       "      <td>1</td>\n",
       "      <td>0</td>\n",
       "      <td>0</td>\n",
       "      <td>0</td>\n",
       "      <td>1</td>\n",
       "      <td>0</td>\n",
       "      <td>0</td>\n",
       "      <td>...</td>\n",
       "      <td>0</td>\n",
       "      <td>0</td>\n",
       "      <td>0</td>\n",
       "      <td>0</td>\n",
       "      <td>0</td>\n",
       "      <td>0</td>\n",
       "      <td>0</td>\n",
       "      <td>0</td>\n",
       "      <td>0</td>\n",
       "      <td>0</td>\n",
       "    </tr>\n",
       "  </tbody>\n",
       "</table>\n",
       "<p>30 rows × 1000 columns</p>\n",
       "</div>"
      ],
      "text/plain": [
       "        @TWZHM  @TW3NH  @TWENE  @TWF3T  @TWXAI  @TWUFB  @TWSEZ  @TWOCJ  \\\n",
       "@TW0LF       0       0       0       0       1       0       0       0   \n",
       "@TWLRX       0       1       0       0       0       1       0       0   \n",
       "@TWDTN       1       0       1       0       0       1       0       0   \n",
       "@TWIRG       0       0       0       0       0       0       0       0   \n",
       "@TWB9C       0       0       0       0       0       0       1       0   \n",
       "@TWYYD       1       0       0       0       0       1       1       1   \n",
       "@TWFJ3       1       0       1       1       0       1       1       1   \n",
       "@TWXQZ       1       1       0       0       0       0       0       1   \n",
       "@TW4UW       0       0       1       1       0       0       0       0   \n",
       "@TWPSX       1       1       1       1       1       1       1       0   \n",
       "@TWESV       0       0       0       0       1       1       0       0   \n",
       "@TWVMF       1       1       1       1       1       0       1       1   \n",
       "@TWHSP       0       0       0       1       1       0       0       1   \n",
       "@TWWMM       1       1       0       1       0       0       0       0   \n",
       "@TWT6Q       0       0       1       0       0       0       0       1   \n",
       "@TW7HE       1       1       0       0       1       1       1       0   \n",
       "@TWFUA       1       0       0       0       1       0       1       0   \n",
       "@TWMTF       0       1       0       0       0       0       0       0   \n",
       "@TW4NH       0       1       0       0       1       0       0       0   \n",
       "@TWAOX       1       1       1       1       1       1       1       1   \n",
       "@TWPT1       1       1       0       0       0       0       0       0   \n",
       "@TWDSW       0       1       1       0       0       1       0       1   \n",
       "@TWJP7       0       1       1       1       1       1       1       0   \n",
       "@TWATO       1       1       0       1       0       1       1       0   \n",
       "@TWYXI       0       0       1       1       0       0       0       0   \n",
       "@TWDOB       0       1       0       0       0       0       1       0   \n",
       "@TWLJR       0       0       0       0       0       0       0       0   \n",
       "@TWOFL       0       0       0       0       0       0       0       0   \n",
       "@TWABF       1       1       1       1       1       0       1       0   \n",
       "@TWU2C       0       0       0       1       0       0       0       1   \n",
       "\n",
       "        @TWX9I  @TWIJH  ...  @TWXGK  @TWBED  @TWAND  @TW5I7  @TWI2V  @TW2XQ  \\\n",
       "@TW0LF       0       0  ...       0       0       0       0       0       0   \n",
       "@TWLRX       0       0  ...       0       0       0       1       0       0   \n",
       "@TWDTN       0       0  ...       0       0       0       0       0       0   \n",
       "@TWIRG       0       0  ...       1       0       0       1       0       0   \n",
       "@TWB9C       0       0  ...       0       0       0       0       0       0   \n",
       "@TWYYD       0       0  ...       0       0       1       1       1       1   \n",
       "@TWFJ3       0       1  ...       0       1       0       0       0       0   \n",
       "@TWXQZ       0       0  ...       1       1       0       0       0       0   \n",
       "@TW4UW       0       1  ...       0       0       0       0       0       0   \n",
       "@TWPSX       1       1  ...       1       1       1       0       1       0   \n",
       "@TWESV       0       1  ...       0       1       0       1       0       0   \n",
       "@TWVMF       0       1  ...       1       1       1       1       1       0   \n",
       "@TWHSP       1       1  ...       1       1       0       1       0       1   \n",
       "@TWWMM       0       0  ...       0       0       0       0       0       0   \n",
       "@TWT6Q       0       0  ...       0       0       0       0       0       1   \n",
       "@TW7HE       0       0  ...       0       1       0       1       1       1   \n",
       "@TWFUA       1       0  ...       1       1       1       0       0       0   \n",
       "@TWMTF       0       0  ...       1       0       0       0       0       0   \n",
       "@TW4NH       1       0  ...       1       1       0       1       1       1   \n",
       "@TWAOX       1       0  ...       1       1       1       1       1       1   \n",
       "@TWPT1       1       0  ...       1       0       0       0       0       0   \n",
       "@TWDSW       0       1  ...       1       0       1       1       1       0   \n",
       "@TWJP7       1       1  ...       0       1       1       1       1       1   \n",
       "@TWATO       1       1  ...       1       1       1       1       0       1   \n",
       "@TWYXI       0       1  ...       0       0       0       0       0       1   \n",
       "@TWDOB       1       1  ...       0       0       1       1       0       0   \n",
       "@TWLJR       0       0  ...       0       1       1       0       0       1   \n",
       "@TWOFL       0       1  ...       0       0       1       0       0       1   \n",
       "@TWABF       1       1  ...       1       1       1       1       0       0   \n",
       "@TWU2C       0       0  ...       0       0       0       0       0       0   \n",
       "\n",
       "        @TWEYT  @TWSX4  @TWMHV  @TWGKJ  \n",
       "@TW0LF       0       0       0       0  \n",
       "@TWLRX       1       0       1       1  \n",
       "@TWDTN       1       0       0       0  \n",
       "@TWIRG       0       0       0       0  \n",
       "@TWB9C       1       0       0       0  \n",
       "@TWYYD       0       0       0       1  \n",
       "@TWFJ3       0       0       1       1  \n",
       "@TWXQZ       0       0       0       0  \n",
       "@TW4UW       0       0       0       0  \n",
       "@TWPSX       1       1       1       1  \n",
       "@TWESV       1       1       1       0  \n",
       "@TWVMF       1       1       1       0  \n",
       "@TWHSP       0       1       1       1  \n",
       "@TWWMM       0       0       0       1  \n",
       "@TWT6Q       0       0       0       0  \n",
       "@TW7HE       0       1       1       0  \n",
       "@TWFUA       1       0       0       1  \n",
       "@TWMTF       1       0       0       0  \n",
       "@TW4NH       0       1       1       1  \n",
       "@TWAOX       1       1       1       1  \n",
       "@TWPT1       1       0       0       0  \n",
       "@TWDSW       1       0       1       0  \n",
       "@TWJP7       0       1       1       1  \n",
       "@TWATO       0       1       1       1  \n",
       "@TWYXI       0       1       0       0  \n",
       "@TWDOB       0       1       0       0  \n",
       "@TWLJR       0       0       0       0  \n",
       "@TWOFL       1       0       0       0  \n",
       "@TWABF       1       1       0       1  \n",
       "@TWU2C       0       0       0       0  \n",
       "\n",
       "[30 rows x 1000 columns]"
      ]
     },
     "execution_count": 4,
     "metadata": {},
     "output_type": "execute_result"
    }
   ],
   "source": [
    "rawDataFollowers"
   ]
  },
  {
   "cell_type": "code",
   "execution_count": 6,
   "metadata": {},
   "outputs": [],
   "source": [
    "clusteringMatrix = sci.spatial.distance.pdist(rawDataFollowers, metric ='cosine')"
   ]
  },
  {
   "cell_type": "code",
   "execution_count": 47,
   "metadata": {},
   "outputs": [],
   "source": [
    "clusteringMatrixSquare = sci.spatial.distance.squareform(clusteringMatrix)"
   ]
  },
  {
   "cell_type": "code",
   "execution_count": 48,
   "metadata": {},
   "outputs": [
    {
     "name": "stdout",
     "output_type": "stream",
     "text": [
      "[[0.         0.80380603 0.80191951 0.78185135 0.78518206 0.67115942\n",
      "  0.69065035 0.75761261 0.7908136  0.61232183 0.71382021 0.59744929\n",
      "  0.62998442 0.73650051 0.76300832 0.67094705 0.68135427 0.75793539\n",
      "  0.6586     0.62388788 0.78520223 0.66509917 0.59721748 0.66165606\n",
      "  0.78520223 0.76674071 0.78083434 0.72928213 0.66716544 0.75383321]\n",
      " [0.80380603 0.         0.73683006 0.8032652  0.78724181 0.67070172\n",
      "  0.64469102 0.82668601 0.77322285 0.57918751 0.72347726 0.57656784\n",
      "  0.63120971 0.67466784 0.75231211 0.6528812  0.70564064 0.79951753\n",
      "  0.63250259 0.60711316 0.79245052 0.64292446 0.60351194 0.66469064\n",
      "  0.82075272 0.77461197 0.78352402 0.74292747 0.61966931 0.76214003]\n",
      " [0.80191951 0.73683006 0.         0.79191507 0.81139162 0.62670633\n",
      "  0.64696856 0.76826906 0.80588364 0.59969946 0.6840839  0.57498177\n",
      "  0.66177072 0.72509291 0.76408532 0.64954344 0.6618185  0.80240906\n",
      "  0.68155597 0.57606462 0.79045481 0.60006029 0.59233197 0.60786529\n",
      "  0.78093003 0.78637669 0.82895498 0.77688285 0.64707004 0.81988965]\n",
      " [0.78185135 0.8032652  0.79191507 0.         0.80510514 0.63171107\n",
      "  0.64604038 0.77314815 0.80509822 0.5792783  0.72669649 0.58636368\n",
      "  0.6494152  0.72039592 0.7875283  0.62232623 0.70572347 0.77826241\n",
      "  0.63678094 0.58984448 0.79020466 0.64432431 0.61293603 0.66307083\n",
      "  0.79020466 0.84088279 0.77674177 0.80832582 0.61856908 0.85796595]\n",
      " [0.78518206 0.78724181 0.81139162 0.80510514 0.         0.65841936\n",
      "  0.69741555 0.77946108 0.800277   0.62979506 0.76096945 0.60645614\n",
      "  0.68559225 0.70960755 0.81578869 0.69658317 0.72585823 0.78048647\n",
      "  0.63880619 0.62359063 0.80890224 0.66400895 0.60049827 0.67875334\n",
      "  0.82956146 0.81868983 0.82480742 0.79259702 0.61112406 0.78296739]\n",
      " [0.67115942 0.67070172 0.62670633 0.63171107 0.65841936 0.\n",
      "  0.44829396 0.65455069 0.69652012 0.3224743  0.54095563 0.32929742\n",
      "  0.40460564 0.52368035 0.64680248 0.43819537 0.49682913 0.69451952\n",
      "  0.44797092 0.33100622 0.66075142 0.36920086 0.31802665 0.42266062\n",
      "  0.68662631 0.66357902 0.65580846 0.6234103  0.41877552 0.66172866]\n",
      " [0.69065035 0.64469102 0.64696856 0.64604038 0.69741555 0.44829396\n",
      "  0.         0.6265308  0.6480015  0.30818733 0.53238427 0.32034037\n",
      "  0.38190868 0.54973205 0.64963756 0.42378129 0.51684337 0.65349857\n",
      "  0.40599822 0.31914989 0.66039628 0.39083592 0.31542387 0.40812156\n",
      "  0.64355643 0.62504994 0.63318991 0.64309671 0.38600205 0.6579763 ]\n",
      " [0.75761261 0.82668601 0.76826906 0.77314815 0.77946108 0.65455069\n",
      "  0.6265308  0.         0.8245884  0.59610717 0.7195043  0.59852945\n",
      "  0.65219762 0.71340582 0.76443355 0.64827328 0.73581993 0.75467331\n",
      "  0.65966088 0.59227144 0.78554254 0.64432431 0.57447005 0.62164511\n",
      "  0.79020466 0.79542073 0.75813692 0.8172409  0.646209   0.78939779]\n",
      " [0.7908136  0.77322285 0.80588364 0.80509822 0.800277   0.69652012\n",
      "  0.6480015  0.8245884  0.         0.59009667 0.76534335 0.61075512\n",
      "  0.65737586 0.70940363 0.79096391 0.66622963 0.72547802 0.82621229\n",
      "  0.66889391 0.62707261 0.82826416 0.67209164 0.63311121 0.66573863\n",
      "  0.80373047 0.81339499 0.7650275  0.80765159 0.67419    0.82989465]\n",
      " [0.61232183 0.57918751 0.59969946 0.5792783  0.62979506 0.3224743\n",
      "  0.30818733 0.59610717 0.59009667 0.         0.47525471 0.20524913\n",
      "  0.30501053 0.44462598 0.59703887 0.34575926 0.44083569 0.59576304\n",
      "  0.33761516 0.2009725  0.5884308  0.29986151 0.19600499 0.30157728\n",
      "  0.57632583 0.57033387 0.61113153 0.57176958 0.3139191  0.62104176]\n",
      " [0.71382021 0.72347726 0.6840839  0.72669649 0.76096945 0.54095563\n",
      "  0.53238427 0.7195043  0.76534335 0.47525471 0.         0.48403795\n",
      "  0.52452184 0.60635306 0.70221233 0.54764202 0.59738494 0.69950263\n",
      "  0.560139   0.45141971 0.70667188 0.53740217 0.46778503 0.5237696\n",
      "  0.70667188 0.6857144  0.72180948 0.68838164 0.52981769 0.74510892]\n",
      " [0.59744929 0.57656784 0.57498177 0.58636368 0.60645614 0.32929742\n",
      "  0.32034037 0.59852945 0.61075512 0.20524913 0.48403795 0.\n",
      "  0.31855321 0.47098315 0.58489031 0.33331344 0.44814358 0.60079972\n",
      "  0.34314449 0.21428316 0.61531392 0.30879582 0.2027221  0.31346384\n",
      "  0.58346093 0.59142788 0.59665778 0.57362665 0.31725556 0.62161379]\n",
      " [0.62998442 0.63120971 0.66177072 0.6494152  0.68559225 0.40460564\n",
      "  0.38190868 0.65219762 0.65737586 0.30501053 0.52452184 0.31855321\n",
      "  0.         0.50847495 0.60303193 0.41434951 0.49755417 0.65124307\n",
      "  0.3915226  0.32174799 0.65255882 0.41174028 0.31367983 0.40579255\n",
      "  0.63574715 0.61474835 0.62262225 0.65173102 0.39367432 0.64383099]\n",
      " [0.73650051 0.67466784 0.72509291 0.72039592 0.70960755 0.52368035\n",
      "  0.54973205 0.71340582 0.70940363 0.44462598 0.60635306 0.47098315\n",
      "  0.50847495 0.         0.66176211 0.54511765 0.58850191 0.70794639\n",
      "  0.54011231 0.48149189 0.75362954 0.5254231  0.43373629 0.52881171\n",
      "  0.73251207 0.7185701  0.75420585 0.76444058 0.50547024 0.68571716]\n",
      " [0.76300832 0.75231211 0.76408532 0.7875283  0.81578869 0.64680248\n",
      "  0.64963756 0.76443355 0.79096391 0.59703887 0.70221233 0.58489031\n",
      "  0.60303193 0.66176211 0.         0.65483736 0.70640231 0.78348086\n",
      "  0.6490324  0.58352656 0.77673453 0.6313907  0.58744456 0.67211409\n",
      "  0.77208316 0.75053546 0.76333533 0.80876797 0.64702513 0.79477004]\n",
      " [0.67094705 0.6528812  0.64954344 0.62232623 0.69658317 0.43819537\n",
      "  0.42378129 0.64827328 0.66622963 0.34575926 0.54764202 0.33331344\n",
      "  0.41434951 0.54511765 0.65483736 0.         0.47939032 0.62982142\n",
      "  0.44610866 0.34105735 0.67193414 0.41622879 0.34426215 0.41354805\n",
      "  0.63709528 0.64611805 0.64952997 0.63914079 0.42855535 0.68280445]\n",
      " [0.68135427 0.70564064 0.6618185  0.70572347 0.72585823 0.49682913\n",
      "  0.51684337 0.73581993 0.72547802 0.44083569 0.59738494 0.44814358\n",
      "  0.49755417 0.58850191 0.70640231 0.47939032 0.         0.6558169\n",
      "  0.53105979 0.4372784  0.71712842 0.48418859 0.44778183 0.5032878\n",
      "  0.71039338 0.69789101 0.70771119 0.6909042  0.49888519 0.70637078]\n",
      " [0.75793539 0.79951753 0.80240906 0.77826241 0.78048647 0.69451952\n",
      "  0.65349857 0.75467331 0.82621229 0.59576304 0.69950263 0.60079972\n",
      "  0.65124307 0.70794639 0.78348086 0.62982142 0.6558169  0.\n",
      "  0.65317765 0.57955811 0.7862082  0.64035862 0.61291249 0.64258094\n",
      "  0.72919705 0.76835959 0.80566756 0.7910472  0.61975301 0.8153321 ]\n",
      " [0.6586     0.63250259 0.68155597 0.63678094 0.63880619 0.44797092\n",
      "  0.40599822 0.65966088 0.66889391 0.33761516 0.560139   0.34314449\n",
      "  0.3915226  0.54011231 0.6490324  0.44610866 0.53105979 0.65317765\n",
      "  0.         0.33132456 0.67455288 0.40726253 0.31533764 0.38752003\n",
      "  0.62559181 0.62928368 0.64945423 0.6750655  0.419457   0.63390104]\n",
      " [0.62388788 0.60711316 0.57606462 0.58984448 0.62359063 0.33100622\n",
      "  0.31914989 0.59227144 0.62707261 0.2009725  0.45141971 0.21428316\n",
      "  0.32174799 0.48149189 0.58352656 0.34105735 0.4372784  0.57955811\n",
      "  0.33132456 0.         0.58696616 0.30911148 0.20853427 0.3021832\n",
      "  0.57719022 0.5996185  0.59524714 0.58873341 0.30160768 0.61744283]\n",
      " [0.78520223 0.79245052 0.79045481 0.79020466 0.80890224 0.66075142\n",
      "  0.66039628 0.78554254 0.82826416 0.5884308  0.70667188 0.61531392\n",
      "  0.65255882 0.75362954 0.77673453 0.67193414 0.71712842 0.7862082\n",
      "  0.67455288 0.58696616 0.         0.63627526 0.57148384 0.63011434\n",
      "  0.78873239 0.77109452 0.77985888 0.74413723 0.649293   0.80764825]\n",
      " [0.66509917 0.64292446 0.60006029 0.64432431 0.66400895 0.36920086\n",
      "  0.39083592 0.64432431 0.67209164 0.29986151 0.53740217 0.30879582\n",
      "  0.41174028 0.5254231  0.6313907  0.41622879 0.48418859 0.64035862\n",
